-113.325 0 115.907
-115.029 0 116.339
-117.078 0 116.838
-119.3 0 117.351
-121.807 0 117.852
-123.551 0 118.166
-125.184 0 118.294
-126.344 0 118.381
-129.029 0 118.583
-130.107 0 118.664
-132.629 0 118.854
-134.895 0 119.024
-135.972 0 119.105
-138.258 0 119.297
-140.325 0 119.471
-142.642 0 119.666
-144.83 0 119.849
-146.344 0 119.976
-148.158 0 120.126
-150.73 0 120.31
-153.027 0 120.467
-156.499 0 120.703
-158.907 0 120.859
-161.739 0 121.017
-163.918 0 121.132
-166.459 0 121.265
-169.354 0 121.416
-171.526 0 121.53
-173.92 0 121.647
-176.226 0 121.744
-179.103 0 121.865
-181.677 0 121.955
-184.322 0 122.047
-186.912 0 122.137
-189.4 0 122.224
-191.687 0 122.304
-193.599 0 122.371
-195.961 0 122.453
-198.382 0 122.538
-200.701 0 122.619
-202.982 0 122.699
-205.475 0 122.786
-207.649 0 122.862
-210.106 0 122.947
-212.527 0 123.032
-214.999 0 123.118
-217.26 0 123.197
-219.71 0 123.283
-222.035 0 123.364
-224.356 0 123.457
-226.71 0 123.585
-229.082 0 123.726
-231.588 0 123.919
-234.018 0 124.161
-236.27 0 124.41
-238.689 0 124.733
-241.214 0 125.078
-242.236 0 125.22
-244.226 0 125.507
-246.745 0 125.92
-249.245 0 126.369
-251.557 0 126.831
-253.818 0 127.3
-255.586 0 127.75
-257.419 0 128.222
-260.167 0 128.974
-262.391 0 129.637
-264.874 0 130.426
-266.399 0 131.49
-267.731 0 132.45
-269.801 0 133.943
-271.663 0 135.286
-272.808 0 136.122
-275.17 0 138.048
-277.262 0 139.931
-278.252 0 141.463
-279.1 0 144.186
-279.767 0 146.354
-280.426 0 148.495
-280.864 0 151.278
-281.099 0 153.678
-281.336 0 156.093
-281.444 0 157.194
-281.632 0 159.113
-280.985 0 161.19
-280.276 0 163.322
-279.338 0 165.74
-278.325 0 167.912
-276.261 0 169.878
-274.456 0 171.578
-272.623 0 173.183
-269.374 0 175.007
-266.5 0 176.409
-264.01 0 177.137
-261.437 0 177.831
-258.575 0 178.523
-256.172 0 178.853
-253.889 0 179.165
-252.649 0 179.335
-251.28 0 179.523
-249.028 0 179.831
-246.351 0 180.004
-243.625 0 180.181
-240.964 0 180.353
-238.035 0 180.532
-236.563 0 180.617
-233.978 0 180.743
-231.411 0 180.86
-228.636 0 180.966
-225.26 0 181.084
-223.196 0 181.149
-221.994 0 181.182
-219.303 0 181.253
-217.017 0 181.313
-214.507 0 181.378
-211.736 0 181.451
-209.148 0 181.519
-205.461 0 181.615
-202.734 0 181.686
-199.769 0 181.769
-196.795 0 181.852
-194.19 0 181.925
-190.905 0 182
-187.979 0 182.056
-185.462 0 182.104
-182.767 0 182.156
-180.078 0 182.207
-177.538 0 182.256
-176.395 0 182.278
-173.606 0 182.322
-171.059 0 182.362
-168.595 0 182.4
-166.036 0 182.441
-163.041 0 182.477
-160.518 0 182.508
-158.256 0 182.536
-155.706 0 182.567
-153.088 0 182.599
-150.387 0 182.632
-148.211 0 182.658
-144.355 0 182.695
-142.16 0 182.688
-139.528 0 182.66
-136.813 0 182.632
-133.643 0 182.598
-130.543 0 182.566
-127.538 0 182.492
-124.519 0 182.413
-121.933 0 182.318
-119.276 0 182.221
-116.403 0 182.116
-114.096 0 182.031
-112.009 0 181.954
-110.667 0 181.905
-108.334 0 181.82
-104.961 0 181.761
-101.695 0 181.704
-98.8256 0 181.623
-96.0484 0 181.531
-93.2478 0 181.419
-90.4763 0 181.278
-87.8459 0 181.136
-84.2115 0 180.869
-80.9844 0 180.558
-78.3142 0 180.301
-75.5045 0 180.03
-72.5981 0 179.751
-69.7742 0 179.479
-68.3264 0 179.339
-65.1125 0 178.988
-61.3904 0 178.23
-58.8102 0 177.705
-55.9529 0 177.098
-53.3701 0 175.915
-50.7526 0 174.706
-47.919 0 173.397
-45.8025 0 172.125
-43.6125 0 170.74
-41.3566 0 169.155
-39.018 0 167.086
-36.8337 0 165.034
-34.9206 0 163.121
-33.094 0 161.142
-32.3088 0 158.291
-31.7089 0 156.113
-31.036 0 153.67
-30.6948 0 152.431
-30.3837 0 151.302
-30.0893 0 148.186
-29.8353 0 145.5
-29.5661 0 142.651
-29.4434 0 138.726
-29.4943 0 136.081
-29.6439 0 133.022
-29.8479 0 130.309
-30.1686 0 127.259
-30.4341 0 124.815
-30.7938 0 121.659
-31.1457 0 118.834
-31.4957 0 116.102
-31.8415 0 113.403
-32.1811 0 110.752
-32.3448 0 109.475
-32.4943 0 108.307
-32.6422 0 107.153
-32.7878 0 106.016
-33.1494 0 103.194
-33.3048 0 101.981
-33.5014 0 100.447
-33.7621 0 98.383
-34.0414 0 95.4827
-33.9332 0 92.6659
-33.7226 0 89.8641
-33.4343 0 87.121
-33.0895 0 84.1854
-32.4518 0 82.5412
-31.9113 0 81.1475
-31.2658 0 79.4833
-30.84 0 78.3857
-30.3225 0 77.0513
-28.5591 0 74.5699
-26.9711 0 72.3354
-25.1696 0 69.8004
-24.1643 0 68.3857
-21.5122 0 66.9933
-18.8349 0 65.5876
-16.1103 0 64.1571
-14.6684 0 63.403
-10.7795 0 62.2032
-7.89212 0 61.4618
-6.40597 0 61.0802
-5.29911 0 60.796
-2.43985 0 60.0619
-0.0470169 0 59.4475
2.19485 0 58.8718
5.39783 0 58.0732
8.59965 0 57.3398
11.2764 0 56.766
15.1363 0 55.9384
17.8476 0 55.3572
19.115 0 55.0854
20.3863 0 54.8153
23.1007 0 54.2482
25.9925 0 53.6546
29.0448 0 53.028
32.1578 0 52.4454
35.1192 0 51.9391
38.946 0 51.3124
42.3301 0 50.7582
45.1203 0 50.3113
47.9354 0 49.8704
50.8077 0 49.4257
53.0215 0 49.083
55.5178 0 48.6965
58.3373 0 48.26
61.8211 0 47.7207
64.556 0 47.2973
67.4754 0 46.8453
70.744 0 46.3393
72.3863 0 46.0821
75.3392 0 45.6143
78.12 0 45.1739
80.9698 0 44.7225
84.1042 0 44.2819
86.8501 0 43.9058
89.6834 0 43.5277
92.6841 0 43.138
96.189 0 42.751
101.16 0 42.8898
104.562 0 43.0695
107.08 0 43.2059
108.381 0 43.2763
109.663 0 43.3457
112.324 0 43.4898
115.311 0 43.6516
118.333 0 43.8152
121.441 0 43.9291
124.458 0 43.9291
127.339 0 43.8738
130.006 0 43.8039
133.101 0 43.7228
136.12 0 43.6437
139.142 0 43.5646
142.015 0 43.4893
145.372 0 43.4072
148.561 0 43.3404
151.78 0 43.2842
155.196 0 43.2484
158.536 0 43.2134
161.553 0 43.1818
164.866 0 43.147
167.7 0 43.1173
170.624 0 43.0867
174.128 0 43.05
176.85 0 43.0214
179.061 0 42.9983
181.098 0 42.9769
182.549 0 42.9617
185.179 0 42.9341
188.317 0 42.9013
191.118 0 42.8719
194.074 0 42.8409
197.005 0 42.7846
199.786 0 42.7069
202.461 0 42.5761
205.084 0 42.4156
207.886 0 42.1606
210.881 0 41.8193
213.658 0 41.4832
215.577 0 41.251
218.117 0 40.9437
220.96 0 40.5996
222.154 0 40.4551
225.524 0 40.0472
227.349 0 39.8263
228.385 0 39.701
229.745 0 39.5363
231.395 0 39.3263
234.245 0 38.5519
237.045 0 37.7913
239.992 0 36.9905
241.308 0 36.633
243.21 0 36.1163
244.629 0 35.5448
246.868 0 34.3493
248.919 0 33.1746
251.613 0 31.6066
253.985 0 29.976
256.515 0 28.2114
258.85 0 26.5824
261.956 0 24.3828
264.295 0 22.6143
266.624 0 20.8267
268.612 0 19.2793
270.842 0 17.5309
273.366 0 15.5156
275.705 0 13.6482
277.96 0 11.8487
278.811 0 11.1687
279.937 0 10.2701
280.789 0 9.58995
281.815 0 8.77352
284.292 0 6.94065
286.596 0 5.24828
288.419 0 3.90889
289.249 0 3.29969
290.134 0 2.64903
291.332 0 1.76897
292.237 0 1.10422
294.689 0 -0.663976
297.085 0 -2.08071
299.61 0 -3.57411
301.119 0 -4.4668
302.267 0 -5.14592
303.136 0 -5.65949
307.04 0 -7.15
310.349 0 -8.18716
313.411 0 -9.05938
316.596 0 -9.17619
320.017 0 -9.30166
321.061 0 -9.33996
323.159 0 -9.4169
326.229 0 -9.5295
327.261 0 -9.53311
330.779 0 -9.54542
332.83 0 -9.52396
336.978 0 -9.24847
339.969 0 -9.00787
342.684 0 -8.59234
344.049 0 -8.38352
347.126 0 -7.91268
350.571 0 -7.38561
353.933 0 -6.87114
357.422 0 -6.33735
360.051 0 -5.93505
361.457 0 -5.71986
362.851 0 -5.50661
366.801 0 -4.90224
368.108 0 -4.70218
370.86 0 -3.43085
373.586 0 -2.10107
376.396 0 -0.594244
377.598 0 0.34126
378.735 0 1.22602
381.845 0 3.64764
383.527 0 7.45922
384.63 0 10.2031
385.586 0 13.5617
386.5 0 16.9945
387.42 0 20.477
388.343 0 23.9722
389.112 0 27.6491
389.661 0 30.2805
389.964 0 31.7298
390.673 0 34.9871
391.194 0 37.3566
391.437 0 38.473
392.091 0 41.8352
392.733 0 45.4433
393.344 0 48.9429
393.899 0 52.6129
394.447 0 56.2373
394.681 0 57.7818
395.272 0 61.6901
395.599 0 63.8527
395.926 0 66.0142
396.19 0 67.7617
396.279 0 71.3805
396.178 0 74.9731
395.969 0 79.4208
394.724 0 83.2053
393.458 0 86.9248
392.038 0 90.763
390.36 0 94.1007
388.996 0 96.7534
386.359 0 98.974
383.966 0 100.912
378.965 0 103.202
376.009 0 104.555
372.941 0 105.87
369.002 0 107.337
366.06 0 108.333
362.227 0 108.912
359.21 0 109.347
357.946 0 109.527
355.941 0 109.791
352.104 0 110.039
350.265 0 110.155
345.453 0 110.4
343.238 0 110.508
341.491 0 110.594
339.863 0 110.674
338.208 0 110.754
335.8 0 110.872
332.146 0 111.051
328.389 0 111.222
324.975 0 111.377
321.691 0 111.514
318.425 0 111.64
314.683 0 111.712
311.67 0 111.77
308.771 0 111.825
305.541 0 111.887
302.013 0 111.955
298.564 0 112.021
295.282 0 112.084
292.167 0 112.144
288.832 0 112.208
284.755 0 112.308
282.004 0 112.385
278.556 0 112.493
275.711 0 112.583
274.351 0 112.625
270.988 0 112.731
267.6 0 112.837
264.864 0 112.923
262.122 0 113.01
258.877 0 113.112
256.164 0 113.197
253.528 0 113.28
251.908 0 113.331
248.728 0 113.431
245.799 0 113.523
243.572 0 113.593
241.624 0 113.654
238.235 0 113.76
234.706 0 113.871
231.286 0 114.009
228.302 0 114.129
226.066 0 114.218
223.922 0 114.305
221.845 0 114.388
219.317 0 114.49
216.13 0 114.618
212.828 0 114.744
210.098 0 114.849
206.487 0 114.982
203.521 0 115.091
202.074 0 115.144
199.05 0 115.255
196.975 0 115.331
195.173 0 115.397
194.123 0 115.435
192.371 0 115.499
189.826 0 115.593
186.746 0 115.706
185.18 0 115.763
181.914 0 115.883
178.874 0 115.994
175.508 0 116.118
171.296 0 116.272
168.594 0 116.371
166.908 0 116.433
165.674 0 116.479
162.369 0 116.6
160.525 0 116.667
159.419 0 116.708
158.419 0 116.745
155.17 0 116.864
152.726 0 116.953
151.303 0 117.006
147.692 0 117.138
144.824 0 117.243
141.241 0 117.375
137.866 0 117.498
134.78 0 117.612
132.624 0 117.691
130.924 0 117.753
126.772 0 117.905
123.111 0 118.046
119.899 0 118.186
116.469 0 118.36
113.327 0 118.53
109.616 0 118.757
107.328 0 118.925
103.794 0 119.222
101.903 0 119.387
98.613 0 119.675
97.0744 0 119.81
95.7233 0 119.928
94.3062 0 120.06
91.5374 0 120.346
88.4612 0 120.702
85.2437 0 121.333
81.8953 0 122.051
78.3938 0 122.956
75.8665 0 123.629
74.0678 0 124.107
72.9389 0 124.408
71.0128 0 124.92
69.9105 0 125.214
67.6278 0 125.821
65.865 0 126.29
63.2344 0 127.13
59.9829 0 128.218
56.7381 0 129.483
54.8517 0 130.252
53.5773 0 131.018
51.3914 0 132.454
48.8176 0 134.345
46.3666 0 136.205
43.732 0 139.279
41.3814 0 142.022
40.0901 0 143.698
38.6775 0 145.686
36.9894 0 148.276
36.2385 0 151.477
35.5644 0 154.397
34.8379 0 157.845
34.3976 0 160.978
34.1046 0 163.632
33.9245 0 165.871
35.1728 0 169.3
36.329 0 172.512
37.4702 0 175.682
39.2664 0 177.02
40.2657 0 177.744
42.6398 0 179.25
45.2282 0 179.978
47.5489 0 180.582
50.341 0 181.191
55.3624 0 181.711
58.0488 0 181.903
59.67 0 182.008
62.2369 0 182.098
64.5861 0 182.172
67.3273 0 182.258
69.4829 0 182.318
72.3986 0 182.399
75.838 0 182.489
79.6139 0 182.575
83.5702 0 182.665
86.502 0 182.731
88.6264 0 182.779
92.2733 0 182.837
95.7546 0 182.879
99.2145 0 182.921
102.728 0 182.952
106.083 0 182.97
109.697 0 182.989
113.124 0 183.006
116.639 0 183.025
117.712 0 183.03
121.006 0 183.048
123.261 0 183.052
127.052 0 182.999
129.133 0 182.97
131.549 0 182.936
134.83 0 182.89
136.024 0 182.869
139.377 0 182.811
142.48 0 182.756
144.115 0 182.728
145.311 0 182.707
146.852 0 182.68
149.988 0 182.625
151.01 0 182.607
152.025 0 182.574
154.763 0 182.483
158.494 0 182.359
163.44 0 182.195
167.098 0 182.074
170.079 0 181.975
172.224 0 181.903
174.09 0 181.841
175.967 0 181.779
177.885 0 181.716
179.794 0 181.652
181.651 0 181.591
183.549 0 181.528
184.887 0 181.483
187.807 0 181.386
191.851 0 181.252
195.723 0 181.124
198.907 0 181.018
202.547 0 180.897
203.671 0 180.86
204.719 0 180.825
206.651 0 180.761
209.797 0 180.657
212.787 0 180.557
216.951 0 180.405
220.233 0 180.273
223.65 0 180.135
227.198 0 179.993
229.154 0 179.914
231.269 0 179.829
235.363 0 179.665
238.678 0 179.532
242.38 0 179.383
246.208 0 179.202
249.093 0 179.051
252.151 0 178.848
254.602 0 178.685
258.094 0 178.386
259.121 0 178.298
260.51 0 178.179
261.784 0 178.069
263.055 0 177.961
264.434 0 177.842
266.399 0 177.674
268.652 0 177.481
269.975 0 177.367
274.352 0 176.961
278.093 0 176.475
281.793 0 175.975
284.874 0 175.558
286.681 0 175.314
287.886 0 175.151
289.575 0 174.923
292.475 0 174.53
293.55 0 174.385
294.943 0 174.197
298.612 0 173.662
301.12 0 173.202
302.258 0 172.97
304.596 0 172.486
307.005 0 171.979
311.824 0 170.954
315.564 0 170.159
316.732 0 169.911
317.758 0 169.689
319.06 0 169.407
320.251 0 169.15
321.229 0 168.938
323.64 0 168.417
326.799 0 167.734
329.634 0 167.121
331.621 0 166.72
335.143 0 166.049
339.076 0 165.642
342.142 0 165.385
346.564 0 165.276
349.757 0 165.271
353.037 0 165.276
356.934 0 165.372
360.923 0 165.504
365.412 0 165.755
367.881 0 165.91
370.929 0 166.113
371.988 0 166.183
374.799 0 166.37
375.837 0 166.439
379.703 0 166.628
383.525 0 166.814
387.175 0 166.993
390.89 0 167.175
394.707 0 167.361
397.007 0 167.474
398.418 0 167.543
402.3 0 167.733
403.552 0 167.794
405.228 0 167.876
410.041 0 168.01
413.365 0 167.981
417.677 0 167.981
421.515 0 167.981
422.591 0 167.981
423.627 0 167.981
425.011 0 167.981
426.277 0 167.981
430.352 0 167.365
433.664 0 166.798
436.609 0 165.668
439.907 0 164.342
442.969 0 162.862
446.508 0 159.965
448.821 0 157.975
451.146 0 155.762
452.772 0 153.604
454.665 0 150.998
456.803 0 148.055
458.163 0 144.15
458.945 0 141.386
459.718 0 138.441
459.727 0 137.168
459.745 0 134.492
459.757 0 132.74
459.779 0 129.594
459.716 0 128.553
459.65 0 127.483
459.473 0 124.588
459.409 0 123.545
459.318 0 122.048
459.049 0 118.293
458.422 0 113.595
457.857 0 109.476
457.52 0 107.013
456.98 0 103.073
456.429 0 99.343
455.849 0 95.596
455.259 0 91.8297
454.808 0 88.9466
454.367 0 86.1346
454.089 0 84.3541
453.899 0 83.1457
453.732 0 82.0739
453.544 0 80.905
452.715 0 75.7256
451.853 0 70.3455
451.674 0 69.2282
451.476 0 67.9956
450.355 0 62.2291
449.316 0 56.8806
448.295 0 51.6317
448.087 0 50.5607
447.787 0 49.0152
446.718 0 43.5154
446.379 0 41.7737
445.29 0 36.1706
444.115 0 30.1288
443.194 0 25.3894
442.101 0 19.7689
441.116 0 14.3464
440.653 0 11.8745
439.696 0 6.94933
438.713 0 2.5883
438.439 0 1.37457
437.166 0 -4.27565
436.71 0 -6.29942
435.122 0 -11.6933
433.594 0 -16.6306
431.804 0 -22.1069
429.466 0 -27.4585
428.97 0 -28.5562
426.283 0 -34.5068
423.879 0 -39.6852
420.092 0 -44.104
416.726 0 -48.031
412.155 0 -51.7719
407.807 0 -55.3307
406.922 0 -56.0552
406.075 0 -56.7507
404.909 0 -57.7154
400.151 0 -61.5275
394.923 0 -65.4384
390.419 0 -68.7464
389.078 0 -69.7172
384.477 0 -72.7167
380.691 0 -75.1845
379.783 0 -75.7762
378.878 0 -76.3667
377.974 0 -76.9556
376.805 0 -77.7178
373.759 0 -79.7034
370.806 0 -81.6285
369.673 0 -82.3612
366.124 0 -84.5963
363.047 0 -86.5187
360.55 0 -88.0668
359.519 0 -88.7063
356.511 0 -90.5711
353.697 0 -92.3158
350.209 0 -94.3537
347.744 0 -95.5563
344.089 0 -97.2374
340.449 0 -98.896
337.948 0 -100.004
334.227 0 -101.553
330.247 0 -102.869
327.354 0 -103.826
325.989 0 -104.277
324.228 0 -104.86
323.169 0 -105.21
319.691 0 -105.767
315.915 0 -106.372
313.516 0 -106.743
311.446 0 -106.474
308.173 0 -105.973
306.985 0 -105.772
305.557 0 -105.51
302.847 0 -104.666
299.509 0 -103.626
298.389 0 -103.277
294.877 0 -102.183
292.649 0 -101.489
289.684 0 -100.514
286.94 0 -99.548
283.118 0 -98.1644
281.878 0 -97.5755
280.631 0 -96.9833
279.34 0 -96.3677
275.577 0 -94.5723
271.534 0 -92.644
268.207 0 -91.0427
264.808 0 -89.3772
261.258 0 -87.623
257.409 0 -85.6868
254.158 0 -83.9869
250.541 0 -82.0798
246.964 0 -79.7746
243.754 0 -77.5688
242.642 0 -76.8042
239.611 0 -74.6895
237.591 0 -73.2594
234.688 0 -71.1654
233.043 0 -69.9612
230.509 0 -67.6798
227.693 0 -65.1443
226.593 0 -64.1392
224.173 0 -61.8668
222.85 0 -60.4731
220.086 0 -57.5397
217.068 0 -54.3142
214.411 0 -51.4744
213.577 0 -50.5833
212.573 0 -49.51
211.152 0 -47.9919
208.821 0 -45.5011
207.812 0 -44.4231
206.677 0 -43.2095
205.166 0 -41.7141
202.388 0 -38.965
200.158 0 -36.7583
197.069 0 -34.2026
194.866 0 -32.3801
193.973 0 -31.6413
193.057 0 -30.894
192.087 0 -30.1144
188.964 0 -28.0391
185.974 0 -26.0529
185.012 0 -25.4132
184.036 0 -24.7646
180.793 0 -23.1478
177.494 0 -21.5029
176.014 0 -20.7651
173.461 0 -20.1663
169.661 0 -19.3652
165.397 0 -19.179
160.973 0 -19.0012
159.043 0 -18.9439
155.116 0 -18.8272
153.83 0 -18.789
152.644 0 -18.7538
151.369 0 -18.7159
150.015 0 -18.6757
144.506 0 -18.5121
139.759 0 -18.3711
137.09 0 -18.2918
135.783 0 -18.253
131.243 0 -18.0308
126.971 0 -17.8068
125 0 -19.3846
-93.7512 0 7.13714
-95.4725 0 7.19424
-97.4995 0 7.2615
-99.325 0 7.32207
-101.355 0 7.38943
-103.214 0 7.4511
-105.072 0 7.51276
-106.924 0 7.57419
-108.601 0 7.62983
-110.345 0 7.6877
-112.032 0 7.74368
-113.803 0 7.80243
-115.748 0 7.86694
-117.789 0 7.93469
-119.377 0 7.98737
-121.517 0 8.04342
-123.813 0 8.0795
-125.648 0 8.10834
-127.43 0 8.13634
-129.446 0 8.16802
-131.126 0 8.19442
-133.166 0 8.22648
-134.801 0 8.25216
-136.857 0 8.28448
-138.365 0 8.30817
-140.007 0 8.33398
-142.329 0 8.37046
-144.932 0 8.4275
-147.048 0 8.48659
-148.468 0 8.52628
-150.294 0 8.57729
-152.087 0 8.63365
-153.989 0 8.69343
-155.765 0 8.74926
-158.163 0 8.82463
-160.215 0 8.90706
-161.968 0 8.9836
-163.662 0 9.05757
-166.307 0 9.17997
-168.957 0 9.30493
-171.295 0 9.41524
-173.634 0 9.52555
-176.127 0 9.64312
-177.263 0 9.69668
-178.998 0 9.7785
-180.873 0 9.86693
-182.518 0 9.94454
-184.32 0 10.0295
-186.231 0 10.1197
-188.148 0 10.2101
-190.127 0 10.3034
-192.234 0 10.4028
-194.588 0 10.5138
-196.692 0 10.6131
-198.401 0 10.6937
-200.212 0 10.7791
-202.01 0 10.8639
-203.863 0 10.9513
-205.883 0 11.0536
-207.69 0 11.1515
-209.733 0 11.2693
-211.943 0 11.4083
-213.884 0 11.5508
-216.079 0 11.7429
-218.11 0 11.9457
-220.34 0 12.1839
-222.708 0 12.4748
-225.215 0 12.8494
-227.428 0 13.2316
-230.254 0 13.8273
-232.444 0 14.2887
-234.39 0 14.6988
-236.45 0 15.133
-238.946 0 15.6817
-240.917 0 16.199
-242.304 0 16.693
-243.85 0 17.2719
-246.205 0 18.2235
-248.081 0 19.0311
-249.87 0 19.8017
-251.619 0 20.5693
-253.332 0 21.3214
-255.257 0 22.2026
-256.341 0 22.8597
-258.505 0 24.2576
-261.341 0 26.2985
-262.159 0 26.9012
-263.452 0 27.8546
-264.268 0 28.6153
-265.018 0 29.3154
-266.356 0 30.5624
-267.767 0 31.8973
-269.104 0 33.3308
-270.554 0 35.2138
-270.955 0 36.5681
-271.63 0 38.8478
-272.001 0 40.0996
-272.513 0 41.8278
-272.614 0 43.1012
-272.442 0 44.3094
-271.996 0 47.343
-271.832 0 48.429
-271.22 0 49.7699
-270.264 0 51.8691
-269.121 0 54.3773
-268.474 0 55.7961
-267.458 0 56.925
-266.528 0 57.9575
-265.669 0 58.911
-264.16 0 60.5872
-263.302 0 61.1476
-262.212 0 61.7001
-260.585 0 62.5259
-259.438 0 63.1078
-258.005 0 63.8348
-256.835 0 64.428
-255.832 0 64.9368
-254.441 0 65.4571
-253.051 0 65.9767
-251.159 0 66.6786
-249.713 0 67.2049
-247.935 0 67.8173
-246.208 0 68.3882
-244.383 0 68.9779
-243.053 0 69.0243
-240.429 0 69.1067
-237.649 0 69.187
-234.709 0 69.2206
-231.819 0 69.1801
-229.629 0 69.0921
-227.053 0 68.9641
-225.659 0 68.8886
-223.698 0 68.7823
-221.245 0 68.6409
-219.236 0 68.525
-217.161 0 68.4053
-215.566 0 68.3134
-212.447 0 68.1335
-209.694 0 67.9747
-206.631 0 67.7981
-205.057 0 67.7091
-203.019 0 67.6022
-200.952 0 67.5011
-198.769 0 67.402
-196.72 0 67.3089
-194.091 0 67.1895
-191.938 0 67.0917
-189.903 0 66.9993
-187.945 0 66.9104
-186.309 0 66.836
-184.347 0 66.7469
-181.311 0 66.609
-178.501 0 66.4814
-175.66 0 66.3523
-174.637 0 66.3059
-171.922 0 66.1826
-169.048 0 66.0621
-166.332 0 65.9555
-165.008 0 65.9047
-162.051 0 65.799
-159.049 0 65.7084
-157.899 0 65.6783
-155.269 0 65.6277
-152.661 0 65.5958
-150.144 0 65.5739
-147.331 0 65.564
-144.667 0 65.564
-142.189 0 65.5726
-139.93 0 65.5805
-137.316 0 65.6078
-134.521 0 65.6712
-132.307 0 65.7601
-129.937 0 65.8843
-127.645 0 66.0526
-125.478 0 66.2689
-122.655 0 66.7009
-119.925 0 67.2018
-118.647 0 67.5999
-117.501 0 67.959
-115.022 0 68.7454
-112.655 0 69.5237
-110.471 0 70.2714
-107.63 0 71.3961
-105.53 0 72.457
-104.195 0 73.7197
-102.909 0 74.9359
-101.313 0 76.4452
-100.223 0 77.4759
-99.354 0 78.2974
-98.4727 0 79.133
-97.5691 0 80.5839
-95.8516 0 83.3911
-95.0983 0 85.0047
-94.094 0 88.2091
-93.1558 0 91.2032
-92.8387 0 92.2147
-92.8549 0 93.5387
-92.8752 0 94.5969
-92.9629 0 97.2409
-93.0726 0 99.4833
-93.2606 0 101.984
-93.9423 0 102.98
-95.7624 0 105.239
-96.4657 0 106.049
-97.1342 0 106.804
-98.4212 0 108.199
-99.8189 0 109.256
-100.685 0 109.904
-102.361 0 111.149
-104.27 0 112.49
-105.456 0 113.024
-108.47 0 114.256
-109.663 0 114.723
-111.607 0 115.469

